 -1743
 -1320
  -916
-529.3
-156.7
 205.2
 559.6
 909.6
  1258
  1609
  1965
  2324
  2687
  3052
  3417
  3783
  4147
  4510
  4868
  5219
  5559
  5884
  6189
  6470
  6725
  6947
  7135
  7286
  7400
  7464
  7464
  7464
  7464
  7377
  7248
  7077
  6868
  6620
  6337
  6019
  5669
  5287
  4878
  4443
  3987
  3513
  3026
  2530
  2029
  1526
  1026
 533.8
 54.46
-406.4
-843.5
 -1252
 -1626
 -1960
 -2250
 -2496
 -2696
 -2850
 -2959
 -2959
 -2959
 -2959
 -2937
 -2819
 -2663
 -2470
 -2244
 -1990
 -1710
 -1407
 -1086
-748.7
-399.9
 -42.7
 319.5
 683.1
  1045
  1401
  1748
  2082
  2400
  2698
  2973
  3219
  3435
  3616
  3759
  3865
  3907
  3907
  3907
  3907
  3824
  3704
  3548
  3358
  3137
  2887
  2612
  2314
  1996
  1661
  1312
   950
 578.3
 198.9
-185.9
  -574
-963.2
 -1351
 -1735
 -2113
 -2480
 -2834
 -3171
 -3488
 -3781
 -4047
 -4283
 -4488
 -4661
 -4802
 -4910
 -4985
 -4985
 -4985
 -4985
 -4938
 -4845
 -4725
 -4580
 -4413
 -4227
 -4024
 -3807
 -3579
 -3340
 -3092
 -2839
 -2580
 -2318
 -2056
 -1794
 -1534
 -1277
 -1025
-780.1
-542.4
-313.9
-95.72
 110.7
   305
 486.7
 655.6
 811.4
 953.7
  1082
  1197
  1297
  1384
  1458
  1520
  1572
  1614
  1647
  1672
  1690
  1690
  1690
  1690
  1689
  1669
  1642
  1607
  1564
  1513
  1455
  1391
  1320
  1244
  1163
  1076
 986.5
 893.7
 799.6
 705.5
 612.9
 523.2
 437.8
   358
 285.1
 218.9
 159.3
 105.8
 58.12
 16.03
-20.83
-52.74
-80.04
-103.1
-122.4
-138.2
  -151
-161.2
-169.2
-175.4
-180.2
  -184
-187.3
-190.5
-194.1
-198.5
-204.1
-211.4
-220.8
-232.9
-248.3
-267.3
-290.6
-318.6
  -352
-391.3
-436.7
-487.5
-542.9
  -602
-663.7
-727.3
-791.7
-856.1
-919.5
-980.8
 -1039
 -1092
 -1140
 -1182
 -1215
 -1239
 -1239
 -1239
 -1239
 -1238
 -1213
 -1179
 -1137
 -1085
 -1026
-958.8
  -886
-808.7
-728.4
-646.5
-564.2
-482.9
  -404
-327.7
-254.3
-184.2
-117.5
 -54.5
 4.538
 59.38
 109.9
 156.3
 199.2
 238.9
 275.9
 310.5
 343.2
 374.5
 404.7
 433.6
   461
 486.6
 510.3
 531.7
 550.7
   567
 580.5
 591.2
 599.2
 604.6
 604.6
 604.6
 604.6
   604
 598.9
   592
 583.5
 573.3
 561.6
 548.5
   534
 518.3
 501.4
 483.2
 463.6
 442.5
 419.8
 395.3
 369.1
 340.9
 310.7
 279.2
 247.1
   215
 183.6
 153.7
 125.9
 100.9
 79.39
  61.8
 48.47
 45.25
 45.25
 45.25
 45.25
 58.81
 78.84
 105.7
 139.7
 181.1
 230.4
 287.7
 353.6
 428.2
 511.7
 603.8
 703.8
 811.1
 925.1
  1045
  1171
  1302
  1436
  1573
  1708
  1841
  1967
  2085
  2193
  2286
  2365
  2426
  2471
  2471
  2471
  2471
  2469
  2421
  2353
  2266
  2160
  2038
  1899
  1744
  1575
  1393
  1198
 990.7
 772.9
 545.2
 308.4
  63.3
-189.2
-448.1
-712.2
-978.8
 -1245
 -1506
 -1761
 -2005
 -2236
 -2450
 -2645
 -2819
 -2972
 -3103
 -3213
 -3300
 -3364
 -3391
 -3391
 -3391
 -3391
 -3350
 -3296
 -3230
 -3156
 -3076
 -2992
 -2905
 -2815
 -2724
 -2632
 -2540
 -2447
 -2356
 -2265
 -2177
 -2091
 -2008
 -1928
 -1853
 -1782
 -1715
 -1655
 -1600
 -1552
 -1509
 -1473
 -1444
 -1422
 -1407
 -1406
 -1406
 -1406
 -1406
 -1412
 -1418
 -1418
 -1418
 -1418
 -1410
 -1395
 -1372
 -1343
 -1305
 -1259
 -1204
 -1139
 -1065
-979.7
-884.1
-777.4
-659.3
-529.4
-387.3
-232.6
-64.78
 116.9
 313.1
 524.5
 751.7
 995.5
  1256
  1535
  1830
  2141
  2466
  2804
  3154
  3515
  3886
  4265
  4649
  5035
  5418
  5796
  6164
  6520
  6859
  7179
  7474
  7742
  7977
  8176
  8334
  8448
  8448
  8448
  8448
  8402
  8265
  8079
  7847
  7569
  7246
  6880
  6476
  6037
  5569
  5077
  4566
  4039
  3502
  2960
  2415
  1871
  1331
 796.1
 270.9
-242.3
-740.7
 -1221
 -1682
 -2120
 -2535
 -2922
 -3280
 -3607
 -3901
 -4160
 -4384
 -4572
 -4727
 -4847
 -4933
 -4950
 -4950
 -4950
 -4950
 -4881
 -4788
 -4674
 -4543
 -4398
 -4241
 -4076
 -3904
 -3728
 -3550
 -3371
 -3195
 -3024
 -2858
 -2701
 -2554
 -2418
 -2294
 -2184
 -2089
 -2010
 -1950
 -1908
 -1908
 -1908
 -1908
 -1923
 -1971
 -2035
 -2115
 -2211
 -2321
 -2442
 -2574
 -2715
 -2862
 -3013
 -3167
 -3323
 -3477
 -3628
 -3774
 -3912
 -4042
 -4161
 -4267
 -4358
 -4433
 -4490
 -4508
 -4508
 -4508
 -4508
 -4453
 -4372
 -4265
 -4135
 -3983
 -3811
 -3620
 -3411
 -3187
 -2949
 -2698
 -2437
 -2168
 -1892
 -1612
 -1330
 -1047
-764.3
-482.4
-199.8
 84.82
 372.4
   664
 960.9
  1264
  1574
  1891
  2212
  2538
  2868
  3199
  3532
  3865
  4197
  4524
  4843
  5151
  5443
  5716
  5966
  6189
  6384
  6547
  6678
  6775
  6813
  6813
  6813
  6813
  6730
  6608
  6451
  6258
  6030
  5769
  5475
  5150
  4795
  4412
  4005
  3575
  3127
  2662
  2184
  1696
  1201
 702.8
 205.6
-286.1
  -768
 -1236
 -1685
 -2112
 -2512
 -2881
 -3217
 -3516
 -3775
 -3990
 -4159
 -4278
 -4278
 -4278
 -4278
 -4239
 -4104
 -3923
 -3696
 -3423
 -3107
 -2754
 -2368
 -1957
 -1526
 -1081
-627.5
-172.4
 278.9
 721.9
  1152
  1566
  1959
  2327
  2666
  2972
  3240
  3471
  3666
  3824
  3946
  4033
  4037
  4037
  4037
  4037
  3958
  3851
  3718
  3560
  3379
  3178
  2959
  2724
  2477
  2221
  1960
  1697
  1435
  1178
 928.2
 688.9
   462
 249.5
 53.73
-123.3
-279.3
-412.2
-520.4
-604.8
-666.9
-708.2
-708.2
-708.2
-708.2
  -695
-654.8
-603.3
-542.8
-475.5
-403.6
-329.1
-254.3
-181.4
-112.6
-50.02
 3.907
 46.86
 63.14
 63.14
 63.14
 63.14
 17.15
-51.53
  -143
-257.5
-395.3
-556.4
  -741
-949.5
 -1181
 -1433
 -1703
 -1986
 -2279
 -2579
 -2883
 -3186
 -3487
 -3781
 -4068
 -4345
 -4611
 -4862
 -5097
 -5314
 -5511
 -5687
 -5842
 -5975
 -6086
 -6173
 -6238
 -6251
 -6251
 -6251
 -6251
 -6189
 -6101
 -5984
 -5839
 -5665
 -5460
 -5227
 -4968
 -4683
 -4376
 -4047
 -3698
 -3331
 -2949
 -2553
 -2147
 -1735
 -1318
-900.4
-485.4
-75.71
 325.7
 716.9
  1096
  1462
  1812
  2145
  2460
  2754
  3025
  3275
  3501
  3705
  3886
  4044
  4178
  4289
  4377
  4443
  4489
  4512
  4512
  4512
  4512
  4487
  4453
  4413
  4368
  4321
  4272
  4225
  4181
  4142
  4110
  4084
  4065
  4053
  4053
  4053
  4053
  4063
  4079
  4098
  4120
  4142
  4162
  4179
  4184
  4184
  4184
  4184
  4162
  4128
  4082
  4021
  3946
  3854
  3745
  3619
  3476
  3319
  3147
  2960
  2760
  2548
  2323
  2087
  1843
  1590
  1331
  1066
 798.2
 527.8
 256.3
-15.12
-285.5
-553.9
-819.4
 -1081
 -1337
 -1588
 -1831
 -2067
 -2295
 -2514
 -2723
 -2921
 -3109
 -3285
 -3449
 -3600
 -3740
 -3867
 -3983
 -4086
 -4178
 -4259
 -4328
 -4386
 -4434
 -4472
 -4502
 -4523
 -4537
 -4537
 -4537
 -4537
 -4527
 -4509
 -4486
 -4456
 -4420
 -4379
 -4332
 -4279
 -4220
 -4155
 -4083
 -4006
 -3921
 -3831
 -3733
 -3629
 -3518
 -3400
 -3277
 -3146
 -3010
 -2867
 -2717
 -2562
 -2403
 -2238
 -2070
 -1899
 -1725
 -1549
 -1372
 -1194
 -1015
  -837
-659.6
-483.5
-309.2
-137.6
 31.23
 196.5
 357.6
 514.1
 665.4
 810.9
   950
  1082
  1207
  1324
  1433
  1535
  1628
  1712
  1788
  1856
  1914
  1964
  2007
  2042
  2070
  2092
  2108
  2119
  2120
  2120
  2120
  2120
  2111
  2099
  2085
  2068
  2048
  2027
  2004
  1980
  1954
  1927
  1900
  1871
  1842
  1813
  1784
  1755
  1726
  1697
  1669
  1641
  1614
  1588
  1562
  1535
  1509
  1482
  1454
  1424
  1394
  1362
  1329
  1295
  1260
  1224
  1188
  1152
  1115
  1079
  1043
  1009
 975.5
 944.6
   916
 890.4
 868.1
 848.9
 832.7
 819.3
 808.5
 800.2
 794.1
   790
 787.8
 787.8
 787.8
 787.8
 787.7
 787.7
 787.7
 785.7
 781.8
 775.9
 767.6
 756.6
 742.9
   726
 705.8
   682
 654.3
 622.5
 586.3
 545.4
 499.7
 448.7
 392.3
 330.2
 262.2
 188.3
 108.6
 23.14
   -68
-164.7
  -267
-374.7
-487.7
-604.9
-725.5
-848.4
-972.7
 -1097
 -1221
 -1343
 -1462
 -1577
 -1686
 -1790
 -1885
 -1972
 -2048
 -2113
 -2166
 -2205
 -2231
 -2231
 -2231
 -2231
 -2203
 -2161
 -2104
 -2034
 -1950
 -1853
 -1743
 -1621
 -1487
 -1342
 -1185
 -1019
-843.4
  -660
-469.6
-273.3
-72.12
 132.9
 340.7
 549.2
 756.4
 960.3
  1159
  1350
  1531
  1701
  1857
  1999
  2126
  2237
  2331
  2408
  2467
  2508
  2508
  2508
  2508
  2485
  2438
  2377
  2301
  2213
  2113
  2001
  1878
  1745
  1601
  1448
  1284
  1112
 931.6
 743.2
 548.3
 347.7
 142.6
-66.08
-277.1
-489.6
-702.2
  -913
 -1120
 -1320
 -1511
 -1692
 -1859
 -2011
 -2146
 -2262
 -2360
 -2438
 -2497
 -2520
 -2520
 -2520
 -2520
 -2473
 -2407
 -2324
 -2226
 -2114
 -1989
 -1854
 -1709
 -1558
 -1401
 -1241
 -1080
-919.4
-760.9
-606.8
-458.7
-317.4
-183.8
-58.43
 57.95
 164.5
 260.7
 345.7
 419.1
 481.2
 532.8
 574.3
 606.4
 629.8
   645
   645
   645
   645
 634.5
 615.5
 590.4
 559.4
 522.6
 480.3
 432.6
 379.4
 320.4
 255.4
 184.1
 106.4
 22.08
-69.19
-167.3
-271.3
-379.8
-491.7
-605.5
-720.2
-834.3
-946.5
 -1056
 -1160
 -1257
 -1346
 -1424
 -1489
 -1541
 -1574
 -1574
 -1574
 -1574
 -1536
 -1480
 -1405
 -1312
 -1199
 -1067
-916.6
-750.4
-569.5
-375.1
  -169
 47.46
 272.8
 505.3
 742.6
 982.3
  1222
  1458
  1690
  1913
  2126
  2327
  2512
  2681
  2832
  2962
  3070
  3154
  3212
  3212
  3212
  3212
  3174
  3099
  2999
  2875
  2727
  2555
  2363
  2151
  1923
  1679
  1422
  1155
 878.5
 595.3
 307.2
 15.69
-277.6
  -571
-862.9
 -1152
 -1436
 -1713
 -1983
 -2243
 -2491
 -2728
 -2950
 -3156
 -3345
 -3515
 -3666
 -3796
 -3906
 -3995
 -4061
 -4096
 -4096
 -4096
 -4096
 -4048
 -3980
 -3891
 -3783
 -3658
 -3515
 -3356
 -3183
 -2998
 -2801
 -2595
 -2382
 -2162
 -1938
 -1712
 -1484
 -1256
 -1030
  -807
-588.5
-375.7
-170.5
 26.17
 213.6
 391.1
 558.3
 714.5
 859.4
 992.2
  1113
  1220
  1316
  1401
  1476
  1542
  1601
  1654
  1702
  1746
  1787
  1827
  1867
  1909
  1955
  2005
  2062
  2126
  2198
  2276
  2360
  2450
  2544
  2643
  2745
  2850
  2956
  3061
  3162
  3257
  3345
  3423
  3489
  3540
  3578
  3591
  3591
  3591
  3591
  3560
  3515
  3458
  3390
  3312
  3226
  3135
  3041
  2945
  2849
  2755
  2663
  2574
  2488
  2403
  2322
  2242
  2166
  2092
  2019
  1946
  1871
  1794
  1713
  1626
  1532
  1430
  1320
  1201
  1074
   937
 791.3
 636.4
 472.1
 298.6
   117
-71.24
-264.7
-461.9
-661.3
-861.5
 -1061
 -1259
 -1453
 -1644
 -1829
 -2009
 -2182
 -2348
 -2504
 -2652
 -2790
 -2919
 -3040
 -3152
 -3257
 -3354
 -3445
 -3528
 -3604
 -3672
 -3733
 -3785
 -3827
 -3861
 -3884
 -3884
 -3884
 -3884
 -3868
 -3835
 -3787
 -3727
 -3651
 -3562
 -3458
 -3339
 -3208
 -3063
 -2905
 -2735
 -2553
 -2360
 -2156
 -1944
 -1726
 -1502
 -1274
 -1045
-814.2
-584.6
-357.2
-132.8
 87.58
 302.8
 511.8
 713.6
 907.2
  1092
  1266
  1431
  1585
  1729
  1861
  1981
  2090
  2187
  2270
  2341
  2399
  2444
  2474
  2474
  2474
  2474
  2455
  2414
  2358
  2287
  2202
  2101
  1984
  1853
  1708
  1551
  1384
  1209
  1026
 838.7
 647.6
 454.7
 262.3
 72.21
-113.4
-292.5
  -463
  -623
  -770
-902.7
 -1020
 -1123
 -1211
 -1284
 -1341
 -1384
 -1403
 -1403
 -1403
 -1403
 -1373
 -1332
 -1280
 -1217
 -1145
 -1065
-976.6
-881.4
-780.1
-673.3
-561.9
-446.6
-328.2
-207.6
-86.38
 33.63
 150.7
 263.1
 369.2
   467
 554.9
 631.3
 695.1
 745.5
 781.5
 781.5
 781.5
 781.5
 764.4
 715.8
 650.5
 570.5
 477.7
 374.3
 262.2
 143.5
 20.13
-105.8
-232.8
-359.1
-483.3
-603.7
-718.7
-826.6
  -926
 -1016
 -1095
 -1166
 -1228
 -1281
 -1326
 -1363
 -1393
 -1416
 -1432
 -1432
 -1432
 -1432
 -1426
 -1406
 -1378
 -1343
 -1301
 -1251
 -1193
 -1129
 -1058
-980.4
-896.2
  -806
-711.2
-613.7
-515.3
-417.8
-322.9
-232.5
-148.4
-72.06
-4.283
 54.56
   104
 143.5
 172.7
 180.1
 180.1
 180.1
 180.1
   157
 126.6
 90.33
 49.57
 5.788
-39.57
-85.21
-130.2
-173.9
-215.6
-254.5
-289.8
  -321
-347.1
-367.8
-383.1
-393.5
-393.5
-393.5
-393.5
-392.6
-383.6
-371.9
-358.1
-343.1
-327.5
-312.1
-297.7
  -285
-274.7
-268.9
-268.9
-268.9
-268.9
  -278
  -292
-311.3
-336.1
-366.6
-401.7
-440.1
-480.4
-521.4
-561.7
-600.1
-635.1
-665.5
-689.4
-689.4
-689.4
-689.4
-683.7
-647.7
-594.3
-521.8
-430.1
-319.1
  -189
-39.64
 128.7
 316.1
 522.5
 747.6
 989.9
  1248
  1520
  1804
  2098
  2401
  2711
  3027
  3346
  3666
  3985
  4302
  4613
  4917
  5211
  5494
  5764
  6017
  6252
  6466
  6658
  6824
  6964
  7073
  7152
  7152
  7152
  7152
  7149
  7064
  6944
  6788
  6599
  6377
  6126
  5846
  5542
  5213
  4864
  4494
  4109
  3711
  3303
  2890
  2473
  2056
  1644
  1238
 840.6
 453.8
 79.08
-281.8
-627.3
-955.5
 -1265
 -1554
 -1823
 -2072
 -2302
 -2513
 -2705
 -2880
 -3036
 -3175
 -3297
 -3404
 -3495
 -3573
 -3637
 -3688
 -3727
 -3756
 -3774
 -3774
 -3774
 -3774
 -3773
 -3760
 -3743
 -3725
 -3707
 -3690
 -3676
 -3676
 -3676
 -3676
 -3682
 -3706
 -3740
 -3784
 -3837
 -3899
 -3969
 -4048
 -4133
 -4225
 -4321
 -4418
 -4513
 -4604
 -4688
 -4762
 -4822
 -4868
 -4874
 -4874
 -4874
 -4874
 -4828
 -4761
 -4671
 -4560
 -4427
 -4276
 -4109
 -3926
 -3731
 -3525
 -3311
 -3089
 -2863
 -2634
 -2405
 -2176
 -1950
 -1729
 -1515
 -1309
 -1113
-928.3
-755.2
-595.2
-449.1
-318.1
-203.4
-105.7
-25.84
 35.75
 78.52
 78.52
 78.52
 78.52
 50.76
 -8.14
-86.59
-182.7
-294.6
-420.2
-557.8
-705.3
-860.9
 -1022
 -1186
 -1349
 -1507
 -1657
 -1794
 -1915
 -2017
 -2097
 -2152
 -2152
 -2152
 -2152
 -2107
 -2023
 -1909
 -1762
 -1586
 -1382
 -1153
  -900
-626.7
-334.8
-26.76
   295
 627.7
 968.6
  1315
  1664
  2012
  2357
  2696
  3026
  3345
  3652
  3945
  4221
  4480
  4719
  4937
  5132
  5303
  5450
  5573
  5670
  5742
  5765
  5765
  5765
  5765
  5706
  5623
  5517
  5390
  5243
  5075
  4890
  4689
  4473
  4244
  4005
  3757
  3503
  3245
  2983
  2721
  2459
  2199
  1944
  1694
  1452
  1218
 995.7
 784.8
 586.5
 401.9
   232
 77.72
-59.96
-180.1
-281.8
-365.5
-431.6
-480.4
-512.5
-512.5
-512.5
-512.5
-482.7
-439.6
-385.6
-322.5
-252.5
-177.4
-99.15
-19.86
 58.73
 135.6
 209.8
 280.6
 347.1
 408.3
 463.5
 511.8
 552.5
 585.9
 612.6
 633.1
 647.9
 657.5
 657.5
 657.5
 657.5
 653.3
 642.1
 626.4
 605.9
 580.2
   549
   512
   469
 420.3
 366.2
 307.3
 243.7
 175.9
 104.3
 29.32
-48.45
-127.2
-204.7
  -279
  -348
-409.4
-461.3
-501.4
  -525
  -525
  -525
  -525
-496.2
-453.5
-396.8
-326.1
-241.8
-146.2
-41.91
  68.5
 182.2
 296.7
 409.2
 517.2
 618.1
 710.5
 792.7
 863.5
 921.4
 965.1
 972.5
 972.5
 972.5
 972.5
 931.7
 875.7
 805.6
 722.4
 627.3
 521.3
 405.6
 282.1
 152.8
 19.58
-115.5
-250.7
-383.7
-512.7
-635.9
-752.7
-862.4
-964.5
 -1059
 -1144
 -1221
 -1287
 -1344
 -1393
 -1436
 -1475
 -1511
 -1548
 -1586
 -1628
 -1677
 -1731
 -1793
 -1864
 -1942
 -2030
 -2129
 -2237
 -2357
 -2486
 -2621
 -2761
 -2904
 -3046
 -3185
 -3320
 -3448
 -3567
 -3677
 -3775
 -3861
 -3933
 -3990
 -4030
 -4030
 -4030
 -4030
 -4015
 -3968
 -3906
 -3827
 -3733
 -3623
 -3498
 -3357
 -3201
 -3029
 -2841
 -2637
 -2418
 -2183
 -1933
 -1669
 -1393
 -1106
-809.5
-504.3
-191.8
 126.4
 447.4
 768.1
  1085
  1395
  1696
  1982
  2253
  2504
  2734
  2941
  3125
  3283
  3415
  3519
  3594
  3611
  3611
  3611
  3611
  3555
  3478
  3383
  3273
  3148
  3011
  2864
  2709
  2548
  2382
  2214
  2045
  1877
  1711
  1546
  1382
  1220
  1060
 901.3
 744.5
 589.3
 436.3
 285.7
   138
-6.609
-147.7
-284.8
-417.7
-545.7
  -668
-783.3
-890.4
-988.2
 -1075
 -1151
 -1213
 -1262
 -1297
 -1302
 -1302
 -1302
 -1302
 -1271
 -1227
 -1172
 -1105
 -1028
-943.3
-850.9
-752.3
-648.8
-541.5
-431.6
-319.8
-206.4
-91.94
 23.03
   138
 252.7
 366.3
 478.4
 587.9
 693.7
 794.5
 889.4
 976.9
  1056
  1126
  1185
  1233
  1270
  1297
  1297
  1297
  1297
  1289
  1259
  1219
  1172
  1121
  1066
  1011
 957.5
 907.9
 863.9
 825.4
   792
 763.2
 738.3
 716.9
 698.6
 682.7
 668.4
   654
 637.1
 615.7
 587.4
 550.1
 501.6
 439.8
 363.1
 273.4
 173.2
 64.84
 -49.1
  -166
-283.5
-399.1
-510.2
-614.1
-708.3
-789.9
-856.4
  -905
  -905
  -905
  -905
-874.5
-809.8
-726.4
-626.7
-513.1
-387.9
-253.5
-112.3
 33.71
 182.5
   332
 480.2
 625.2
 764.9
 897.3
  1021
  1135
  1241
  1339
  1430
  1513
  1589
  1659
  1722
  1779
  1827
  1867
  1897
  1902
  1902
  1902
  1902
  1870
  1822
  1759
  1678
  1579
  1462
  1325
  1168
 991.3
 797.6
 588.1
 364.3
 127.8
-119.8
-376.9
-641.7
-911.6
 -1184
 -1456
 -1725
 -1987
 -2241
 -2484
 -2712
 -2924
 -3118
 -3292
 -3443
 -3571
 -3673
 -3748
 -3762
 -3762
 -3762
 -3762
 -3700
 -3613
 -3504
 -3372
 -3220
 -3050
 -2865
 -2666
 -2458
 -2243
 -2023
 -1802
 -1582
 -1363
 -1148
-936.5
  -730
-529.4
-335.5
-149.6
 27.88
 196.5
   356
 506.4
 647.5
 779.1
   901
  1013
  1115
  1207
  1288
  1358
  1417
  1464
  1500
  1517
  1517
  1517
  1517
  1492
  1455
  1406
  1348
  1278
  1199
  1109
  1010
 899.8
   780
 650.3
 510.6
 360.9
 201.6
 33.25
-143.1
-326.4
-515.8
-710.4
-909.2
 -1111
 -1315
 -1518
 -1718
 -1911
 -2095
 -2267
 -2423
 -2562
 -2679
 -2776
 -2851
 -2904
 -2904
 -2904
 -2904
 -2894
 -2834
 -2753
 -2654
 -2538
 -2407
 -2265
 -2112
 -1952
 -1786
 -1615
 -1439
 -1258
 -1073
-884.3
-691.3
-494.7
-294.8
 -92.3
 112.2
 318.2
 524.8
 731.5
 937.6
  1142
  1345
  1544
  1738
  1924
  2102
  2268
  2422
  2562
  2686
  2796
  2891
  2975
  3048
  3111
  3165
  3212
  3254
  3291
  3325
  3356
  3387
  3418
  3452
  3488
  3527
  3569
  3611
  3651
  3686
  3715
  3722
  3722
  3722
  3722
  3690
  3643
  3581
  3503
  3409
  3298
  3170
  3026
  2869
  2700
  2522
  2336
  2145
  1950
  1753
  1555
  1355
  1154
 950.8
   746
 539.3
 330.7
 120.2
-91.91
-305.4
-520.1
-735.8
-735.8
-735.8
-735.8

